<?xml version="1.0" encoding="UTF-8" standalone="no"?>
<!DOCTYPE svg PUBLIC "-//W3C//DTD SVG 20010904//EN"
              "http://www.w3.org/TR/2001/REC-SVG-20010904/DTD/svg10.dtd">

<svg xmlns="http://www.w3.org/2000/svg"
     width="285.79mm" height="291.082mm"
     viewBox="0 0 1080 1100">
  <path id="選択範囲 #1"
        fill="none" stroke="black" stroke-width="1"
        d="M 264.00,144.11
           C 247.55,146.81 235.30,148.85 220.00,156.26
             208.39,161.88 198.78,167.78 189.00,176.29
             162.39,199.44 144.06,236.42 144.00,272.00
             144.00,272.00 144.00,331.00 144.00,331.00
             144.00,331.00 144.00,454.00 144.00,454.00
             144.00,454.00 144.00,676.00 144.00,676.00
             144.06,716.25 166.63,756.37 199.00,779.57
             213.48,789.95 228.95,795.94 245.00,803.31
             245.00,803.31 266.00,813.31 266.00,813.31
             266.00,813.31 318.00,838.22 318.00,838.22
             318.00,838.22 407.00,880.26 407.00,880.26
             407.00,880.26 466.00,908.26 466.00,908.26
             466.00,908.26 489.00,919.25 489.00,919.25
             493.33,921.40 501.51,925.77 506.00,926.62
             509.65,927.31 514.84,926.05 519.00,926.00
             519.00,926.00 550.00,926.00 550.00,926.00
             550.00,926.00 564.00,926.61 564.00,926.61
             568.75,925.77 577.22,920.99 582.00,918.86
             582.00,918.86 626.00,898.31 626.00,898.31
             626.00,898.31 775.00,828.78 775.00,828.78
             775.00,828.78 835.00,800.86 835.00,800.86
             835.00,800.86 850.00,795.19 850.00,795.19
             862.60,790.31 874.45,783.41 885.00,775.00
             913.95,751.92 933.94,713.34 934.00,676.00
             934.00,676.00 934.00,272.00 934.00,272.00
             933.89,204.26 873.74,144.11 806.00,144.11
             806.00,144.11 445.00,144.11 445.00,144.11
             445.00,144.11 326.00,144.11 326.00,144.11
             326.00,144.11 264.00,144.11 264.00,144.11 Z" />
</svg>
