<?xml version="1.0" encoding="UTF-8" standalone="no"?>
<!DOCTYPE svg PUBLIC "-//W3C//DTD SVG 20010904//EN"
              "http://www.w3.org/TR/2001/REC-SVG-20010904/DTD/svg10.dtd">

<svg xmlns="http://www.w3.org/2000/svg"
     width="285.79mm" height="285.79mm"
     viewBox="0 0 1080 1080">
  <path id="選択範囲 #1"
        fill="none" stroke="black" stroke-width="1"
        d="M 489.00,159.28
           C 467.67,162.09 446.55,166.64 426.00,173.02
             325.56,204.24 241.15,276.18 195.26,371.00
             173.21,416.55 161.35,464.69 157.91,515.00
             156.36,533.27 159.43,596.21 168.37,632.00
             188.72,713.36 236.80,787.98 303.00,839.58
             337.87,866.76 376.07,887.36 418.00,901.33
             450.11,912.04 490.00,919.50 526.00,921.00
             577.44,921.60 621.30,915.65 670.00,898.31
             775.92,860.59 860.34,775.30 898.95,670.00
             911.79,634.98 918.55,599.08 921.09,562.00
             921.09,562.00 923.09,537.45 921.09,515.00
             919.68,494.34 917.23,474.25 912.65,454.00
             880.40,311.51 768.21,197.20 625.00,165.58
             604.33,161.01 584.07,158.35 563.00,156.91
             548.27,155.36 506.50,157.00 489.00,159.28 Z" />
</svg>
