<?xml version="1.0" encoding="UTF-8" standalone="no"?>
<!DOCTYPE svg PUBLIC "-//W3C//DTD SVG 20010904//EN"
              "http://www.w3.org/TR/2001/REC-SVG-20010904/DTD/svg10.dtd">

<svg xmlns="http://www.w3.org/2000/svg"
     width="285.79mm" height="335.009mm"
     viewBox="0 0 1080 1266">
  <path id="選択範囲 #2"
        fill="none" stroke="black" stroke-width="1"
        d="M 518.00,336.21
           C 518.00,336.21 495.00,338.28 495.00,338.28
             472.11,341.04 449.06,345.19 427.00,352.02
             405.28,358.75 383.26,366.88 363.00,377.26
             289.27,415.05 226.70,476.24 190.26,551.00
             126.20,682.40 138.87,837.01 225.88,955.00
             247.68,984.56 273.81,1010.85 303.00,1033.12
             337.11,1059.13 374.36,1078.45 415.00,1092.00
             447.51,1102.84 479.89,1108.75 514.00,1111.09
             514.00,1111.09 524.00,1112.00 524.00,1112.00
             524.00,1112.00 550.00,1112.00 550.00,1112.00
             550.00,1112.00 562.00,1111.09 562.00,1111.09
             591.24,1109.09 619.82,1104.68 648.00,1096.28
             765.22,1061.35 859.74,974.12 901.95,859.00
             915.19,822.87 922.47,786.29 925.09,748.00
             925.09,748.00 926.00,736.00 926.00,736.00
             926.00,736.00 926.00,710.00 926.00,710.00
             926.00,710.00 925.09,700.00 925.09,700.00
             923.65,678.93 920.99,658.67 916.42,638.00
             884.46,493.26 768.74,377.54 624.00,345.58
             603.33,341.01 583.07,338.35 562.00,336.91
             562.00,336.91 552.00,336.21 552.00,336.21
             552.00,336.21 518.00,336.21 518.00,336.21 Z" />
</svg>
